16 16 10 10 10
7 3 0 12 12 0 9 11 0 4 0 0 15 0 0 5 5 0 0 7 0 9 2 0 1 14 0 6 5 0 6 11 0 12 4 0 14 7 0 1 11 0 10 11 0 1 13 0
9 12 0 8 5 3 4 5 2 12 14 1 1 6 1 15 7 3 10 3 0 6 6 3 13 0 1 7 0 0 3 1 0 15 5 0 0 0 0 9 9 0 3 10 1 12 8 1
6 13 0 3 9 3 8 15 3 4 9 2 10 0 1 14 15 3 4 15 1 12 6 0 9 10 2 6 2 0 2 13 0 5 3 1 1 8 3 13 8 1 4 1 3 13 10 1
7 4 0 4 2 3 6 12 3 10 1 1 2 2 2 8 14 0 1 4 3 14 2 2 15 1 0 8 8 1 7 14 3 11 2 2 4 14 0 8 0 2 9 15 2 7 12 2
12 15 0 11 9 2 8 11 2 11 15 1 4 12 0 1 5 1 3 14 1 12 10 1 14 10 2 10 14 1 3 5 0 3 0 2 7 6 0 8 2 2 3 4 2 14 5 3
8 7 0 12 0 1 3 15 2 0 11 2 4 6 3 15 11 0 10 15 0 11 13 3 9 0 2 15 3 3 2 3 2 2 1 3 14 12 3 6 0 3 15 14 1 12 3 1
2 7 0 4 7 0 3 7 3 8 12 1 5 4 0 5 2 1 5 12 3 12 13 3 7 15 1 3 6 0 7 1 3 1 1 3 12 11 0 15 8 0 13 3 2 1 12 3
4 11 0 11 12 0 11 11 2 1 0 0 13 2 1 0 9 2 9 13 0 0 8 2 9 8 0 2 6 2 0 2 3 1 2 2 0 6 0 6 15 0 12 5 1 8 9 3
9 14 0 6 4 3 5 13 1 3 3 2 8 10 0 0 10 1 1 15 3 5 11 0 9 3 0 2 8 2 5 0 3 10 12 3 14 9 2 13 14 0 13 5 2 8 1 2
15 9 0 3 13 3 14 3 1 11 7 3 1 9 0 11 10 2 11 6 0 6 14 2 13 12 0 11 8 1 15 12 2 2 4 1 1 10 3 10 5 1 0 3 1 10 9 0
6 7 0 14 6 0 4 3 1 9 7 3 10 7 0 10 2 3 13 11 1 3 12 0 5 8 0 13 15 0 13 7 2 15 15 3 2 12 1 0 14 0 8 4 1 4 10 2
14 4 0 5 1 1 2 14 1 2 10 2 0 12 3 6 10 2 13 13 1 7 8 3 9 4 2 7 13 1 11 5 2 1 7 2 10 4 1 7 7 0 2 11 1 15 6 3
14 14 0 13 4 2 2 5 1 2 9 1 4 4 2 5 15 0 7 11 1 9 5 3 12 2 3 5 9 2 11 3 0 10 8 2 3 8 3 0 1 3 15 2 1 11 0 2
12 9 0 0 5 0 6 9 3 14 8 1 4 8 2 5 10 3 6 3 2 5 6 3 8 3 2 7 9 0 8 13 0 5 7 2 7 10 0 15 13 1 13 6 3 12 1 0
3 2 0 8 6 1 0 13 0 14 11 0 7 5 2 0 15 0 12 7 0 4 13 0 2 0 3 15 10 2 2 15 0 3 11 1 13 9 0 15 4 2 14 13 3 10 6 3
7 2 0 6 1 1 11 1 3 5 14 2 10 13 2 0 4 0 11 4 3 9 6 3 14 1 2 13 1 1 14 0 2 9 1 0 6 8 0 11 14 0 10 10 1 1 3 3